07_12_2022
***STARTING GEOMETRY:***
xShift:        10.3611	Density: 0.494536
crossingAngle: -32.8178	Density: 0.494536
axialRotation: 51.6297	Density: 0.206754
zShift:        0.287391	Density: 0.798327

